# Marker IDs can be arbitrary strings.
# Marker ID,	Time (in s)
1,	0.4250
2,	1.3100
1,	2.2100
1,	3.1035
1,	3.9702
1,	4.8702
1,	5.7702
1,	6.6465
1,	7.5465
1,	8.4465
2,	9.0930
1,	9.9930
1,	10.8930
1,	11.7930
1,	12.6889
2,	13.5617
1,	14.4617
1,	15.2533
1,	16.1533
1,	17.0533
1,	17.9533
1,	18.8533
2,	19.7533
1,	20.4958
1,	21.3907
1,	22.2833
1,	23.1833
1,	24.0728
1,	24.9728
1,	25.8389
1,	26.6645
1,	27.5645
1,	28.4645
1,	28.9738
1,	29.8596
1,	30.7596
1,	31.6596
2,	32.5596
1,	33.4596
1,	34.3596
1,	35.2596
1,	36.1596
1,	37.0596
1,	37.9596
1,	38.8596
1,	39.7596
1,	40.6596
1,	41.5509
1,	42.3782
1,	43.2407
1,	44.1162
1,	45.0162
1,	45.8640
1,	47.6207
1,	48.5207
1,	49.3197
1,	49.9047
1,	50.5734
1,	52.0863
1,	52.9775
1,	53.8350
2,	54.7350
2,	55.6223
1,	56.5223
1,	57.4223
1,	58.3223
1,	59.2132
1,	60.1132
1,	61.0027
1,	61.9027
1,	62.8027
1,	63.7027
1,	64.6027
1,	65.5027
1,	66.4027
1,	67.3027
1,	68.2027
1,	69.1027
1,	70.0027
1,	70.8904
1,	71.7904
1,	72.6904
1,	73.5352
1,	74.4252
1,	75.3252
1,	76.1813
1,	77.0813
1,	77.9813
1,	78.8813
1,	79.7813
1,	80.6813
1,	81.5813
1,	82.4813
1,	83.3813
1,	84.2813
1,	85.1813
1,	86.0803
1,	86.9803
1,	87.8757
1,	89.5626
1,	90.4626
1,	91.3626
1,	92.2626
1,	93.1626
1,	94.0456
1,	95.7486
1,	96.5794
1,	97.3776
1,	98.1537
1,	99.0537
1,	99.9352
1,	100.8352
1,	101.7352
1,	102.6352
1,	103.5139
1,	104.8234
1,	105.7234
1,	106.6234
1,	107.5234
1,	108.4234
1,	109.3234
1,	110.2019
1,	111.1019
1,	112.0019
1,	112.9019
1,	113.8019
2,	114.6076
1,	115.4834
1,	116.3834
1,	117.2834
1,	118.1834
1,	119.8532
1,	120.7532
1,	121.6532
1,	122.5532
1,	123.4532
1,	124.3532
1,	125.2524
1,	126.1497
1,	127.0454
1,	127.9240
1,	128.7933
1,	129.6931
1,	130.5554
1,	131.4442
1,	132.3442
1,	133.2442
1,	134.1151
1,	134.9915
1,	135.8559
1,	136.7559
1,	137.6515
1,	139.3501
1,	140.2201
1,	141.1201
1,	142.0201
1,	142.9201
1,	143.8201
1,	144.7201
1,	145.4811
1,	146.1602
1,	147.0602
1,	147.9602
1,	148.8595
1,	149.7602
1,	150.6602
1,	151.5602
1,	152.4602
1,	153.3602
1,	154.1595
1,	155.0601
1,	155.9601
2,	156.8601
1,	157.7601
1,	158.6601
2,	159.5507
1,	160.4507
1,	161.3507
1,	162.2507
1,	163.1325
1,	164.0325
1,	164.9325
1,	165.8325
1,	166.7325
1,	167.6325
1,	168.5231
1,	169.4231
1,	170.3205
1,	171.1932
1,	172.0877
2,	172.9514
2,	173.8431
1,	174.7401
1,	175.6156
1,	176.5156
1,	177.4131
1,	178.2967
1,	179.1967
1,	180.0967
2,	180.9965
1,	181.8965
1,	182.7965
1,	183.6965
1,	184.5965
1,	185.4678
1,	186.3014
1,	187.1793
1,	188.0793
1,	188.9667
1,	189.8667
1,	190.7667
1,	191.6638
1,	192.5109
1,	193.2703
1,	194.1703
1,	195.0703
1,	195.9703
1,	196.8703
2,	197.7703
1,	198.6559
1,	199.5559
1,	200.4559
1,	201.3559
1,	202.2559
1,	202.8592
1,	203.3556
2,	204.2556
1,	205.1556
1,	206.0556
1,	206.9556
1,	208.5489
1,	209.4489
2,	210.3489
1,	211.2489
1,	212.1330
1,	213.0306
1,	213.9306
1,	214.8306
1,	215.7304
1,	216.5707
1,	217.4707
1,	218.3191
1,	219.1495
1,	220.0495
1,	220.9061
1,	221.7573
1,	222.5364
1,	223.4238
2,	224.2353
1,	225.0900
1,	225.9900
1,	226.8783
1,	227.7763
1,	228.6763
2,	229.5763
1,	230.4763
1,	231.3761
1,	232.1818
1,	233.0818
1,	233.9818
1,	234.8818
1,	235.7818
1,	236.6818
2,	237.4657
1,	238.3614
1,	239.2614
1,	240.1614
1,	241.0614
1,	241.9614
1,	242.8614
1,	243.7614
1,	244.6614
1,	245.5518
1,	246.4527
1,	247.2268
1,	247.8077
1,	248.7081
1,	249.6081
1,	250.3500
1,	251.2500
1,	252.1500
1,	253.0366
1,	253.9110
1,	254.7870
2,	255.6870
1,	256.5870
1,	257.4870
1,	258.3870
1,	259.2870
1,	260.1326
1,	261.0123
1,	261.9123
1,	262.7764
1,	263.6458
1,	264.5064
1,	265.4064
1,	266.3064
1,	267.1815
1,	268.0815
1,	268.9815
1,	269.8815
1,	270.7815
1,	271.6815
2,	272.5815
1,	273.4815
1,	274.3815
1,	275.2621
1,	276.1279
1,	277.0014
1,	277.9014
1,	278.8014
1,	279.7014
1,	280.6014
1,	281.5014
1,	282.3678
2,	283.2582
1,	284.1582
1,	285.0582
1,	285.8306
1,	286.7306
1,	287.6306
1,	288.5045
1,	289.3872
1,	290.1857
1,	291.0855
1,	291.9855
1,	292.8855
1,	293.7855
1,	294.6855
1,	295.5855
1,	296.4829
1,	297.3575
1,	298.2166
1,	299.1166
1,	300.0166
1,	300.8814
1,	302.6776
1,	303.5776
1,	304.4776
1,	305.3357
1,	306.2357
1,	307.1014
1,	307.9601
1,	308.7684
1,	309.6043
1,	310.5043
1,	311.4043
1,	312.3043
1,	313.2043
1,	314.1043
1,	314.9926
1,	315.8926
1,	316.7926
1,	317.6926
1,	318.5926
1,	319.4926
1,	320.3926
1,	321.2926
1,	322.1926
1,	323.0926
1,	323.9926
1,	324.8892
1,	326.5847
1,	327.4847
1,	328.3847
1,	329.2847
1,	330.1840
1,	331.0847
1,	331.9800
1,	332.8800
1,	333.7800
1,	334.6800
1,	335.5753
1,	336.4640
1,	337.3640
1,	338.2632
1,	339.1378
1,	339.9804
1,	340.8507
1,	341.7382
1,	342.6382
1,	343.5382
1,	344.4174
1,	345.2771
1,	346.1771
1,	347.0771
1,	347.9771
1,	348.8461
1,	349.7461
1,	350.6207
1,	351.4559
1,	352.2935
2,	353.1935
1,	354.0935
1,	354.9935
1,	355.8593
1,	356.7593
1,	357.3591
1,	358.5546
1,	359.4546
1,	360.3546
1,	361.2546
1,	362.1506
1,	363.0506
1,	363.9506
1,	364.8506
1,	365.7498
2,	367.3898
1,	368.2898
1,	369.1898
1,	370.0898
1,	370.9898
1,	371.8898
2,	372.7898
1,	373.5252
2,	374.4161
1,	375.2651
1,	376.0647
2,	376.9245
1,	377.8245
1,	378.4727
1,	379.3727
1,	380.2726
1,	381.1002
1,	381.9833
1,	382.8761
1,	383.7529
1,	384.6302
2,	385.5302
1,	386.4135
1,	387.2973
1,	388.1973
1,	389.0973
1,	389.9973
1,	390.8681
1,	391.7009
2,	392.5774
1,	393.4774
1,	394.3774
1,	395.2774
1,	396.1661
1,	397.0661
1,	397.9661
1,	398.8661
1,	399.7661
1,	400.6661
1,	401.5661
1,	404.1302
1,	405.0302
1,	405.9302
1,	406.8302
1,	407.5895
1,	408.4895
1,	409.3895
1,	410.2895
1,	411.1895
1,	412.0873
2,	412.9873
1,	413.8873
1,	414.7873
1,	415.6873
1,	416.5873
1,	417.4480
1,	418.1512
1,	419.0512
1,	419.9512
1,	420.8512
1,	421.7512
1,	422.6512
1,	423.5415
1,	424.3761
1,	425.2420
1,	426.1419
1,	426.9934
1,	427.8197
1,	428.6765
1,	429.5765
1,	430.3856
1,	431.2087
1,	432.0421
1,	432.9179
1,	433.8043
1,	434.7023
1,	435.5928
1,	436.4928
1,	437.3598
1,	438.0067
1,	438.6628
1,	439.5619
1,	440.4277
1,	441.3060
1,	442.1979
1,	443.0655
1,	443.9655
1,	444.8655
1,	445.7655
1,	446.6314
1,	447.5314
1,	448.3739
1,	449.1352
1,	450.0076
1,	450.8903
1,	451.7488
1,	452.6488
1,	453.5482
1,	454.4488
1,	455.3488
1,	456.2488
1,	457.1488
1,	458.0488
1,	458.9488
1,	459.8367
1,	460.7335
2,	461.6335
2,	462.5125
2,	463.4125
1,	464.3125
1,	465.1566
1,	466.0566
1,	467.6439
1,	468.5294
1,	469.3983
1,	470.2983
1,	471.1200
1,	471.9868
2,	472.8014
1,	473.7014
1,	474.6014
1,	475.5014
2,	476.3160
1,	477.1682
1,	478.0682
1,	478.9678
1,	479.8682
1,	480.6132
1,	481.5134
1,	482.4141
1,	483.3141
1,	484.2141
1,	485.1141
1,	486.0141
1,	486.9141
1,	487.6457
1,	488.3935
1,	489.2935
1,	490.1935
1,	491.0935
1,	491.9935
1,	492.8935
1,	493.7935
1,	494.6935
1,	495.5935
2,	496.4935
1,	497.3935
1,	498.2848
1,	499.0419
1,	499.8792
1,	500.7565
1,	501.6526
1,	502.5526
1,	503.4526
1,	504.3496
1,	505.0337
1,	505.8225
1,	506.7208
1,	507.6012
1,	508.4996
1,	509.3695
1,	510.2695
1,	511.1695
2,	511.9342
1,	512.7684
2,	513.6675
1,	514.5684
1,	516.1011
1,	516.9194
1,	517.7765
1,	518.6550
1,	519.4805
1,	520.3805
1,	521.2805
1,	522.1805
1,	523.0799
1,	523.9805
1,	524.8805
2,	525.7805
1,	526.5350
1,	527.4350
1,	528.3350
1,	529.2350
1,	530.1142
1,	531.0142
1,	531.9142
2,	532.8142
1,	533.7142
1,	534.6142
1,	535.5142
1,	536.4046
1,	537.3053
1,	538.2053
1,	539.1053
1,	540.0053
1,	540.9053
1,	541.8053
1,	542.6435
1,	543.5435
1,	544.4435
1,	545.3434
1,	546.2434
2,	547.1434
1,	548.0434
1,	548.9351
1,	549.8351
1,	550.7351
1,	551.6351
1,	552.4838
1,	553.3705
1,	554.2148
1,	555.0863
1,	555.9863
1,	556.8863
1,	557.7725
1,	558.6325
2,	559.5325
1,	561.0199
1,	561.8616
1,	562.7594
1,	563.6594
1,	564.5594
1,	565.4594
1,	566.3594
1,	567.2594
1,	568.1594
1,	569.0593
1,	569.7919
1,	570.6919
1,	571.4198
1,	572.3198
1,	573.2198
1,	574.1198
1,	575.0198
2,	575.9198
1,	576.8198
1,	577.7198
1,	578.6198
1,	579.5014
1,	580.4014
1,	581.3014
1,	582.2014
1,	583.1014
2,	584.0014
1,	584.8926
1,	585.7926
1,	586.6926
1,	587.5926
1,	588.4926
1,	589.3926
1,	590.2926
1,	591.1402
1,	591.9736
1,	592.8381
2,	593.7047
1,	594.5388
1,	595.3924
1,	596.2924
1,	597.1807
1,	598.0807
1,	598.9807
1,	599.8579
1,	600.7235
1,	601.6152
1,	602.5152
1,	603.3851
1,	604.1428
1,	605.0428
1,	605.9428
1,	606.8428
1,	607.7428
1,	608.6428
1,	609.5428
1,	610.4428
1,	611.3405
1,	612.2114
2,	612.8624
1,	613.7410
1,	614.6410
2,	615.5410
1,	616.4409
1,	617.3408
1,	618.2274
1,	619.0957
1,	619.9753
1,	620.8753
1,	621.6264
