# Marker IDs can be arbitrary strings.
# Marker ID,	Time (in s)
1,	0.3123
1,	1.2123
1,	2.1123
1,	3.0123
1,	3.9123
1,	4.8123
1,	5.7123
1,	6.6123
1,	7.5123
2,	8.4123
1,	9.3114
1,	10.2123
1,	11.1123
1,	12.0123
1,	12.9123
1,	13.8123
1,	14.7123
1,	15.6123
1,	16.5123
1,	17.4123
1,	18.3123
1,	19.2123
1,	20.1123
1,	21.0121
1,	21.9121
1,	22.8121
1,	23.7121
2,	24.6121
1,	25.5121
2,	26.4121
1,	27.3121
1,	28.2121
1,	29.1121
1,	30.0121
1,	30.9121
2,	31.8121
1,	32.7121
1,	33.6121
1,	34.5121
1,	35.4121
1,	36.3121
1,	37.2121
1,	38.1121
2,	39.0121
1,	39.9116
1,	40.8112
1,	41.7121
1,	42.6121
1,	43.5121
2,	44.4121
2,	45.3121
1,	46.2121
1,	47.1121
1,	48.0121
1,	48.9121
1,	49.8121
1,	50.7121
1,	51.6121
1,	52.5121
1,	53.4121
1,	54.3121
1,	55.2121
1,	56.1121
1,	57.0121
1,	57.9121
1,	58.8121
1,	59.7121
2,	60.6121
1,	61.5117
1,	62.4121
1,	63.3121
1,	64.2121
1,	65.1121
1,	66.0121
1,	66.9121
1,	67.8121
1,	68.7121
1,	69.6121
1,	70.5116
2,	71.4121
1,	72.3121
2,	73.2121
1,	74.1121
1,	75.0121
1,	75.9121
1,	76.8121
1,	77.7121
1,	78.6121
1,	79.5115
2,	80.4121
2,	81.3121
1,	82.2121
1,	83.1121
1,	84.0121
1,	84.9121
1,	85.8121
1,	86.7121
1,	87.3046
1,	88.2040
1,	89.1046
2,	90.0046
1,	90.9046
1,	91.8046
1,	92.7046
1,	93.6046
1,	94.5046
1,	95.4046
1,	96.3046
1,	97.2046
1,	98.1039
2,	99.0046
2,	99.9046
1,	100.8046
1,	101.7046
1,	102.6046
1,	103.5046
1,	104.4046
1,	105.3046
1,	106.2046
2,	107.1046
1,	108.0046
1,	108.9046
1,	109.8046
1,	110.7046
1,	111.6046
1,	112.5046
1,	113.4046
2,	114.3046
1,	115.2046
1,	116.1046
1,	117.0046
1,	117.9046
1,	118.8046
1,	119.7046
1,	120.6046
1,	121.5046
1,	122.4046
1,	123.3046
1,	124.2046
1,	125.1046
1,	126.0046
1,	126.9038
1,	127.8046
1,	128.7046
1,	129.6046
1,	130.5041
1,	131.4046
1,	132.3046
1,	133.2046
1,	134.1046
1,	135.0046
1,	135.9046
1,	136.8046
1,	137.7046
2,	138.6046
1,	139.5046
1,	140.4046
1,	141.3046
1,	142.2046
1,	143.1046
2,	144.0046
1,	144.9046
1,	145.8046
1,	146.7046
1,	147.6046
1,	148.5046
1,	149.4046
1,	150.3042
1,	151.2046
1,	152.1046
2,	153.0046
2,	153.9037
1,	154.8046
1,	155.7046
1,	156.6046
1,	157.5046
1,	158.4046
1,	159.3046
1,	160.2046
1,	161.1046
1,	162.0046
1,	162.9046
2,	163.8046
2,	164.7046
1,	165.6046
1,	166.5046
1,	167.4046
1,	168.3046
1,	169.2046
1,	170.1046
1,	171.0046
1,	171.9046
1,	172.8046
1,	173.7046
1,	174.6046
1,	175.5046
1,	176.4045
2,	177.3045
1,	178.2045
1,	179.1045
1,	180.0045
1,	180.9045
1,	181.8045
1,	182.7044
1,	184.1340
1,	185.0340
1,	185.9340
1,	186.8340
1,	187.7340
1,	188.6340
1,	189.5340
1,	190.4340
2,	191.3340
1,	192.2340
1,	193.1340
1,	194.0340
1,	194.9340
1,	195.8340
1,	196.7340
2,	197.6333
1,	198.5340
1,	199.4340
1,	200.3340
1,	201.2340
2,	202.1334
1,	203.0340
1,	203.9340
1,	204.8340
1,	205.7340
1,	206.6340
1,	207.5340
1,	208.4340
1,	209.3340
1,	210.2340
1,	211.1340
1,	212.0340
1,	212.9340
1,	213.8340
1,	214.7340
2,	215.6340
1,	216.5340
1,	217.4340
1,	218.3340
2,	219.2340
1,	220.1340
1,	221.0340
1,	221.9340
1,	222.8340
1,	223.7340
1,	224.6340
1,	225.5340
1,	226.2548
1,	227.1548
1,	228.0548
1,	228.9548
1,	229.8548
1,	230.7548
1,	231.6548
1,	232.5548
2,	233.4548
1,	234.3548
1,	235.2543
1,	236.1548
1,	237.0548
1,	237.9548
1,	238.8548
1,	239.7548
1,	240.6548
1,	241.5548
1,	242.4548
1,	243.3548
1,	244.2548
2,	245.1548
1,	246.0548
1,	246.9548
1,	247.8548
1,	248.7548
1,	249.6548
1,	250.5548
2,	251.4548
1,	252.3548
1,	253.2548
1,	254.1548
1,	255.0548
1,	255.9548
1,	256.8548
1,	257.7548
1,	258.6548
1,	259.5548
1,	260.4548
1,	261.3548
1,	262.2548
1,	263.1548
1,	264.0548
1,	264.9548
1,	265.8548
1,	266.7548
1,	267.6543
1,	268.5548
1,	269.4548
2,	270.3548
1,	271.2548
1,	272.1548
1,	273.0548
1,	273.9548
1,	274.8548
1,	275.7548
1,	276.6548
1,	277.5548
1,	278.4548
1,	279.3548
1,	280.2548
2,	281.1548
1,	282.0548
1,	282.9548
1,	283.8548
1,	284.7548
1,	285.6548
1,	286.5548
1,	287.4548
1,	288.9613
2,	289.8613
1,	290.7613
1,	291.6613
1,	292.5613
1,	293.4613
1,	294.3613
1,	295.2613
1,	296.1613
1,	297.0613
1,	297.9613
1,	298.8613
1,	299.7613
1,	300.6613
1,	301.5613
1,	302.4613
1,	303.3613
1,	304.2612
1,	305.1611
1,	306.0611
1,	306.9611
2,	307.8611
1,	308.7611
1,	309.6611
2,	310.5611
1,	311.4611
2,	312.3611
1,	313.2611
1,	314.1611
1,	315.0611
1,	315.9611
1,	316.8611
1,	317.7611
2,	318.6611
1,	319.5611
2,	320.4611
1,	321.3611
1,	322.2611
1,	323.1611
1,	324.0611
1,	324.9611
2,	325.8603
1,	326.7611
1,	327.6611
1,	328.5611
1,	329.4611
1,	330.3611
1,	331.2611
1,	332.1611
2,	333.0611
1,	333.9611
1,	334.8611
1,	335.7611
1,	336.6611
1,	337.5611
2,	338.4611
1,	339.3611
1,	340.2611
1,	341.1611
2,	342.0611
1,	342.9611
2,	343.8611
1,	344.7611
2,	345.6611
1,	346.5611
1,	347.4611
1,	348.3611
1,	349.2611
1,	350.1611
2,	351.0611
1,	351.9611
1,	352.8611
1,	353.7611
1,	354.6611
1,	355.5611
1,	356.4611
1,	357.3611
1,	358.2611
1,	359.1611
1,	360.0611
2,	360.9611
2,	361.8611
1,	362.7611
1,	363.6611
1,	364.5611
1,	365.4611
1,	366.3611
1,	367.2611
1,	367.9041
1,	368.5616
1,	369.4616
1,	370.3616
1,	371.2616
1,	372.1616
1,	373.0616
1,	373.9616
1,	374.8616
1,	375.7616
1,	376.6616
1,	377.5616
1,	379.1192
1,	380.0192
2,	380.9192
1,	381.8192
1,	382.7192
1,	383.6192
1,	384.5192
1,	385.4192
1,	386.3192
1,	387.2192
1,	388.1192
1,	389.0192
1,	389.9192
1,	390.8192
1,	391.7192
1,	392.6192
1,	393.5192
1,	394.4192
1,	395.3185
1,	396.2192
1,	397.1192
1,	398.0192
1,	398.9192
1,	399.8192
1,	400.7192
1,	401.6192
1,	402.5192
1,	403.4192
1,	404.3192
1,	405.2192
1,	406.1192
1,	407.0192
1,	407.9192
1,	408.8192
2,	409.7192
1,	410.6188
1,	411.5192
1,	412.4187
1,	413.3192
1,	414.2192
1,	415.1192
2,	415.8144
1,	416.7144
1,	417.6140
1,	418.5144
1,	419.4144
1,	420.3144
1,	421.2144
1,	422.1144
1,	423.0144
1,	423.9144
1,	424.8141
1,	425.7144
1,	426.6144
1,	427.5144
2,	428.4144
1,	429.3144
1,	430.2144
1,	431.1144
1,	432.0144
2,	432.9144
1,	433.8144
1,	434.7144
1,	435.6144
1,	436.5144
1,	437.4144
1,	438.3144
1,	439.2144
1,	440.1144
1,	441.0144
1,	441.9144
1,	442.8144
1,	443.7144
1,	444.6144
2,	445.5144
1,	446.4144
1,	447.3144
1,	448.2137
1,	449.1136
1,	450.0144
1,	450.9144
1,	451.8144
1,	452.7144
1,	453.6144
1,	454.5144
1,	455.4144
1,	456.3144
1,	457.2144
